SVM:	0.41285 (1)	0.25927 (2)	0.03750 (1)	0.05672 (1)	0.20876 (1)	0.27797 (4)
RF: 	0.41031 (1)	0.24774 (2)	0.03722 (1)	0.05672 (1)	0.20478 (1)	0.27188 (4)